11
13
175
20
153
118
126
168
58
85
158
8
75
126
108
32
135
92
105
184
74
125
109
80
68
72
190
116
77
2
49
149
105
191
67
199
41
54
21
71
94
86
106
117
2
76
95
199
133
175
110
86
129
122
30
161
194
144
154
31
101
103
196
75
52
122
182
32
132
50
181
11
147
24
147
168
193
81
167
93
178
51
99
139
52
167
10
154
172
28
68
44
191
59
175
146
16
74
92
34
117
120
131
114
166
31
131
143
83
95
122
182
89
70
102
171
185
142
182
96
172
95
47
77
87
60
79
30
119
90
72
138
90
169
81
127
106
183
71
75
94
18
147
150
6
164
168
3
131
60
140
101
80
86
193
14
169
172
78
59
183
13
70
187
158
148
77
110
67
37
35
51
12
40
86
17
70
151
152
95
173
28
2
63
76
188
115
4
121
88
90
173
100
2
12
50
124
12
122
163
94
91
194
16
171
107
32
179
4
101
24
74
21
140
131
72
67
109
12
155
107
51
198
104
121
114
108
178
33
12
60
90
126
40
145
73
61
80
19
40
157
193
117
40
69
94
11
78
57
21
78
158
11
19
142
192
34
19
123
200
138
161
39
159
111
109
155
24
159
107
69
77
164
136
75
191
146
55
118
107
67
1
110
186
76
10
198
90
44
168
180
144
9
87
111
191
14
8
53
145
133
64
72
156
109
28
165
64
184
91
153
181
20
51
63
122
52
149
146
32
34
125
68
5
83
42
81
52
31
76
83
169
99
91
74
10
157
43
152
25
171
189
158
183
113
10
47
27
5
144
63
159
105
127
111
147
108
61
40
19
53
5
153
91
173
175
102
83
31
1
31
150
159
10
115
132
125
175
95
24
77
47
200
67
131
97
56
87
152
93
31
104
52
144
154
92
63
193
49
44
120
88
135
98
24
62
123
10
20
200
22
70
166
165
152
33
143
175
100
21
83
46
180
143
152
64
74
120
12
197
29
183
27
54
36
162
34
21
34
28
155
88
118
8
189
135
13
123
175
29
135
176
16
20
139
149
110
1
175
10
186
46
168
10
44
38
18
129
153
171
148
110
45
195
140
3
30
73
42
7
95
160
156
108
101
27
78
132
2
23
11
87
43
154
44
143
128
164
116
76
8
131
54
68
167
198
155
82
77
119
188
119
11
139
72
38
157
110
178
129
111
167
75
178
117
163
23
99
91
77
159
127
157
115
66
185
100
116
48
106
126
53
189
81
176
99
102
114
187
122
4
113
81
188
178
55
34
150
92
123
143
44
22
53
50
109
190
195
72
57
119
6
28
182
11
151
50
106
140
163
36
59
159
30
52
2
157
171
127
94
183
170
58
101
158
26
140
62
157
117
128
97
171
11
117
23
49
39
52
182
148
134
85
181
55
197
21
78
112
90
40
81
157
115
144
157
67
51
168
17
131
43
55
97
193
157
172
108
98
83
170
2
10
22
136
147
96
83
96
171
22
167
89
81
160
100
68
47
48
140
8
155
116
73
98
4
181
111
148
153
172
185
152
3
99
80
82
114
166
10
56
109
4
151
46
147
62
63
146
143
98
24
57
57
116
51
52
190
162
101
163
89
35
43
163
163
11
63
15
54
53
176
161
128
86
6
51
195
98
82
103
169
37
179
39
149
88
13
161
20
53
148
35
98
137
159
175
192
174
24
35
3
18
183
32
89
23
150
84
197
192
152
174
162
28
98
190
131
10
27
166
56
18
144
97
126
124
184
167
190
47
14
74
109
143
141
64
163
132
102
53
68
60
156
179
141
76
89
17
185
96
185
62
97
12
52
137
137
134
98
111
15
179
110
79
119
130
69
109
154
129
120
65
61
10
148
107
86
177
59
182
65
165
99
86
104
24
5
23
65
117
112
124
41
141
92
128
22
86
26
196
59
161
120
14
196
46
59
106
9
30
69
119
16
157
102
169
59
66
198
127
128
12
72
137
39
43
75
127
158
48
2
184
192
113
155
174
13
157
69
82
131
176
98
18
186
164
196
188
157
141
4
93
163
79
173
98
117
118
127
106
115
42
16
86
200
5
117
30
52
10
198
122
119
171
151
185
98
143
106
66
130
70
26
36
22
91
27
100
48
85
21
43
25
49
39
169
116
48
1
18
196
193
89
155
17
194
71
138
126
160
76
103
118
161
21
130
117
138
150
58
27
130
161
143
83
138
125
45
122
63
43
142
162
38
172
195
190
114
199
119
40
5
183
56
62
97
16
106
148
186
90
145
186
162
70
82
94
64
157
